13 12 14  3  5 16  1  7 15  9  8 11  4 10  2  6 
 4  1 11  8 12 13 14  2 16  3  6 10  5 15  9  7 
 6  9  7  5 11  4 15 10 12 13 14  2 16  8  3  1 
15  2 16 10  6  8  3  9  7  1  5  4 14 11 13 12 
10  4 12  9 15  3 11  8 14  6 16  5 13  1  7  2 
 1 11 15 13 14 12  5 16  2  4  9  7  6  3  8 10 
 5 16  8 14 10  2  7  6  1 15  3 13 11  4 12  9 
 2  3  6  7  4  9 13  1 11  8 10 12 15 16 14  5 
16 14  3 12 13 10  8  5  4 11  7  6  9  2  1 15 
 7  6  2  4 16 14  9  3 13 10  1 15 12  5 11  8 
 8  5 10  1  7 15  2 11  9 16 12 14  3  6  4 13 
 9 15 13 11  1  6 12  4  3  5  2  8 10  7 16 14 
11 13  9  6  3  1 10 14  8  7 15 16  2 12  5  4 
 3  8  5  2  9 11  6 13 10 12  4  1  7 14 15 16 
14  7  4 15  8  5 16 12  6  2 13  3  1  9 10 11 
12 10  1 16  2  7  4 15  5 14 11  9  8 13  6  3 
