4
 0 12 0   0 5 16 0   7 15 0  8   0 4 10 2   0
 0 1 11 0    0 13 0   0 0  0  0  0  0 15 0  0
 0  0  0  0  0  0 15 10 0  0  0 2 16 8   0 1
 0  0 16 0  6   8  0  0 0  0 5   4 14 11 0 12
 0  0 12 0 15 0    0  0 0  0  0 5   0 1  0  0
 1 11 15 13 14 0   0  0 2  0  0  0  0 3  8  0
 5  0  0  0  0  0  0  0 0 15 3   0  0  0 0 9
 0 3   6  0 4   0  0 1  0  0 10 12 0 16 14 0
16 0   0 12 13 0  8   5 4  0 7   0  0  0 1  0
 0 6   0  0  0 14 9   0 0 10 1 15 12 5   0 8
 0  0  0 1   7  0  0 11 9 16 0   0  0 6  4  0
 0 15 0   0  0  0 12 4  0 5   2  8 10 0  0 14
11 0  9   0 3   0 10 0  0  0  0 16 2 12 0   0
 3  0  0 2   0 11 0 13 10 0   0  0 7   0 0  0
 0  0  0  0  0  0 16 0  6  0 13 0   0 9  0 11
 0  0  0  0  0  0  0  0 0 14 0  9   0  0 0 3


