4
9 0 16 0 0 0 8 6 0 0 0 11 0 0 0 0 
0 0 11 3 0 4 16 0 0 0 7 2 0 0 0 5 
0 14 0 0 2 0 7 15 0 0 4 6 0 1 9 0 
6 5 4 7 11 12 0 9 0 0 0 16 0 14 10 15 
0 7 12 0 0 9 0 5 14 1 15 13 0 0 0 0 
0 1 0 0 3 10 0 0 9 0 0 0 0 0 0 7 
0 10 3 0 0 0 0 0 0 0 6 4 0 8 14 13 
0 0 0 14 0 16 0 11 0 0 0 0 0 12 4 0 
0 13 2 0 0 0 0 0 6 0 5 0 12 0 0 0 
14 4 6 0 5 13 0 0 0 0 0 0 0 10 15 0 
10 0 0 0 0 0 0 14 0 0 2 9 0 0 8 0 
0 0 0 0 1 15 6 2 4 0 3 0 0 16 7 0 
13 16 14 0 7 0 0 0 2 0 1 5 3 9 12 10 
0 9 8 0 12 3 0 0 16 15 0 7 0 0 2 0 
5 0 0 0 9 6 0 0 0 4 11 0 15 13 0 0 
0 0 0 0 16 0 0 0 10 6 0 0 0 4 0 8 