9


68 0 80 22 36 0 0 50 0 31 63 16 61 0 0 0 79 48 14 75 18 0 72 25 55 52 0 66 0 0 0 0 0 0 45 0 0 0 42 0 12 0 26 0 38 0 0 0 60 0 0 78 0 29 0 0 8 21 7 0 15 70 77 0 37 59 20 24 19 64 9 4 6 2 0 73 0 51 0 11 0
29 0 56 71 27 63 19 6 0 55 70 75 0 0 0 8 0 0 16 77 0 37 0 78 0 0 0 42 40 79 18 0 0 2 58 0 41 0 0 68 61 0 51 0 0 0 0 0 24 20 0 12 0 0 0 31 0 33 0 11 0 30 1 72 0 65 26 21 0 80 0 49 15 0 7 23 44 13 0 35 0
25 17 0 28 20 51 21 79 52 59 38 0 1 78 0 7 0 0 46 0 0 67 27 12 44 63 61 10 0 0 32 33 41 0 0 15 0 0 0 56 0 35 24 60 29 0 0 6 0 0 16 11 75 0 43 71 50 0 23 48 80 19 0 0 66 45 36 58 0 81 74 13 0 0 0 0 0 65 42 62 0
0 0 77 0 57 39 0 24 46 0 0 0 0 0 0 0 18 11 60 47 0 26 73 29 0 74 2 75 1 0 0 70 38 23 54 0 34 0 0 20 0 0 71 0 53 0 0 0 43 59 0 0 9 0 0 37 35 78 66 4 0 56 0 0 16 8 32 0 6 0 31 0 0 0 0 0 5 63 48 0 0
0 34 0 0 65 8 0 0 61 0 56 57 68 14 10 0 6 67 4 0 0 45 79 0 43 9 41 0 0 0 0 0 7 0 37 0 64 0 54 0 23 1 47 0 69 72 0 52 35 0 26 77 31 63 0 5 0 22 0 0 0 32 53 29 0 18 48 70 71 39 0 75 66 0 50 40 0 0 0 46 17
0 0 33 81 0 53 64 0 14 0 40 44 0 66 0 5 50 49 59 0 51 0 0 1 20 22 17 21 0 0 6 0 28 0 46 0 48 0 0 55 0 3 0 0 10 15 71 65 0 0 0 68 69 0 39 45 12 0 36 29 58 0 67 0 0 0 0 0 52 0 7 34 31 0 0 37 72 76 8 0 60
0 0 76 37 15 0 0 0 0 46 3 0 58 0 69 17 0 0 50 38 49 54 28 8 0 32 21 0 31 0 57 0 0 0 48 0 18 0 13 30 70 78 0 43 0 5 0 0 56 0 39 0 0 36 0 0 27 0 0 51 79 41 68 0 2 0 47 0 61 73 62 63 0 24 33 55 0 0 0 59 20
0 66 0 0 59 5 67 0 31 0 4 0 71 34 51 0 0 39 0 19 57 56 7 0 0 0 40 63 72 0 0 0 73 0 81 27 80 65 0 77 50 49 0 79 0 37 0 74 30 0 17 46 0 42 0 26 61 60 52 47 0 0 64 43 0 23 78 0 15 69 41 22 0 58 0 45 12 9 32 28 68
70 0 0 0 0 0 62 35 7 0 15 43 41 12 9 0 42 72 0 5 65 80 24 64 0 6 0 0 20 50 0 59 0 0 71 52 0 0 0 81 63 0 40 46 66 53 0 48 47 0 49 2 34 19 0 0 16 54 17 0 76 25 13 51 60 10 27 0 0 0 0 0 0 26 75 0 69 30 21 18 0
19 41 0 29 35 0 22 1 50 0 0 0 6 55 61 10 75 77 31 0 0 32 33 36 66 0 0 0 0 46 0 44 0 60 13 76 47 0 0 78 0 4 0 72 0 0 0 57 28 0 0 80 0 14 73 48 0 23 2 0 68 12 39 56 17 42 0 16 9 30 0 69 20 0 0 0 45 37 0 0 3
51 0 16 0 11 0 0 12 3 39 33 0 44 13 4 0 62 47 38 0 67 58 0 55 80 0 0 0 0 0 0 37 48 30 19 0 0 0 50 27 0 0 21 65 46 66 15 0 0 1 6 35 0 0 28 25 52 18 0 36 0 0 0 0 53 14 72 0 0 0 2 79 10 77 74 0 68 81 57 69 34
0 74 59 62 0 0 0 46 71 81 45 0 7 2 0 76 30 0 0 79 19 61 0 0 29 23 5 0 28 0 22 25 69 0 0 0 8 52 31 17 0 0 58 80 37 60 0 0 0 38 77 43 0 0 55 27 1 34 56 0 9 16 35 13 0 0 0 20 40 0 49 10 0 48 65 0 42 0 39 51 50
76 80 15 55 0 0 33 81 0 65 22 35 0 0 0 16 0 53 0 0 2 0 0 75 48 30 13 29 58 11 0 0 0 0 62 0 24 10 74 0 49 0 0 5 0 0 0 0 71 25 0 0 0 0 0 42 72 4 0 43 3 51 38 47 0 39 37 54 66 78 77 0 26 0 1 59 28 18 0 70 0
0 0 0 4 25 0 75 0 0 50 74 20 43 3 66 78 69 32 47 0 28 44 0 0 0 0 11 0 34 0 39 0 14 0 0 1 79 38 0 0 22 0 0 59 12 9 0 40 18 64 42 0 0 0 0 0 62 15 0 77 17 0 0 26 0 36 0 0 0 0 46 31 23 19 73 0 21 61 0 49 6
0 52 0 72 0 58 54 64 27 0 59 0 0 26 18 0 51 14 57 3 0 24 78 0 0 62 0 74 2 12 0 10 77 0 0 9 68 45 43 15 0 0 23 0 0 17 8 31 0 70 50 7 49 44 69 33 53 46 63 0 0 0 0 61 25 0 0 0 41 5 0 81 0 13 55 79 67 47 0 66 0
0 56 38 73 2 69 17 21 6 0 0 9 0 0 0 37 24 54 65 0 15 46 45 34 0 0 14 0 3 0 64 0 72 0 78 0 70 71 0 66 1 0 0 0 40 19 0 5 16 23 0 48 0 0 67 74 0 58 22 8 20 26 29 0 0 0 0 0 0 50 0 0 44 12 0 53 11 0 0 32 0
0 0 0 0 32 7 23 47 0 29 0 38 0 0 49 46 5 0 51 68 0 0 0 9 0 54 64 0 36 52 0 0 18 61 0 0 0 0 57 0 39 48 75 81 56 33 13 26 12 53 0 0 76 0 19 14 10 71 65 60 0 0 40 0 35 4 1 11 63 0 43 80 16 25 27 17 0 0 0 0 58
61 45 0 34 0 31 13 10 24 80 27 19 11 73 70 23 8 1 0 43 6 25 0 0 0 76 0 0 49 15 0 42 16 17 26 0 20 54 63 0 28 14 0 0 0 55 29 3 0 78 68 0 0 0 0 0 0 0 59 30 0 64 0 0 75 32 0 12 0 74 44 0 38 40 56 62 41 0 72 0 22
8 0 0 13 39 33 50 0 38 0 0 55 51 0 59 0 0 9 6 34 0 77 1 63 0 0 80 0 61 37 71 27 0 24 0 23 28 60 20 41 2 32 53 0 78 42 0 67 40 16 0 45 5 11 64 0 0 31 0 0 0 54 56 52 3 0 15 0 30 18 0 36 0 4 0 0 57 46 25 73 0
0 0 29 0 69 4 25 17 57 58 0 0 0 0 65 30 44 79 61 37 12 0 11 67 0 53 0 47 48 0 0 22 46 45 31 0 0 0 5 24 0 39 36 0 0 62 27 0 63 0 38 0 72 34 0 0 18 0 16 1 7 76 0 0 0 81 80 0 0 0 54 42 19 60 0 0 6 0 59 52 70
0 0 0 0 55 73 0 0 35 0 0 0 48 0 76 0 80 0 0 0 60 0 0 0 26 0 0 9 0 10 0 54 78 0 25 8 4 0 0 12 66 71 15 19 34 0 68 30 0 0 32 0 7 0 0 0 47 67 38 5 29 23 52 41 64 0 0 77 0 40 0 16 0 43 0 13 0 50 0 0 81
72 0 0 0 48 9 0 76 0 6 0 0 29 0 38 0 81 0 17 51 0 0 31 54 2 0 52 30 19 0 14 65 34 58 0 0 0 35 0 50 0 0 0 62 33 80 20 15 0 18 53 22 46 13 41 0 3 0 27 0 10 0 24 60 0 0 59 0 28 8 78 55 75 0 0 0 1 0 64 44 32
0 0 0 1 0 0 0 0 0 23 49 60 62 5 0 0 78 7 27 70 29 0 0 0 9 0 0 13 0 0 17 0 0 15 0 0 73 0 65 0 10 0 42 0 79 71 39 8 36 0 0 64 2 0 53 69 57 77 26 0 14 0 48 0 0 25 0 0 0 0 0 44 72 41 0 16 0 20 30 12 0
62 0 0 30 34 0 0 23 20 24 8 45 0 0 0 0 0 41 81 58 0 0 4 0 16 0 0 0 12 59 69 50 66 36 70 0 0 0 0 11 0 40 49 61 55 0 26 77 0 0 37 47 60 0 46 0 0 0 0 0 0 65 51 0 7 0 29 31 0 0 0 72 0 80 15 9 0 0 76 0 71
71 0 0 36 79 24 77 51 0 16 21 69 0 74 0 67 0 34 19 8 64 0 47 65 3 43 30 0 0 6 0 2 0 0 11 49 0 0 0 0 0 0 0 22 0 78 0 0 17 0 66 75 59 70 12 15 60 0 0 80 62 44 0 0 0 68 4 0 73 37 33 0 55 27 0 0 29 56 0 10 0
40 68 0 80 74 27 56 31 15 0 54 47 0 53 0 22 0 75 33 66 10 0 55 23 50 20 0 0 0 0 0 0 0 0 0 0 45 0 18 0 0 59 38 48 0 41 0 29 0 0 19 0 65 35 34 0 37 0 28 70 78 0 36 6 9 71 46 67 76 32 0 0 14 0 26 8 0 0 0 2 62
78 0 0 0 0 66 70 67 0 71 17 36 19 0 26 18 0 0 41 0 0 48 0 14 76 21 32 52 33 74 0 0 0 0 38 57 27 58 0 0 7 0 81 30 25 56 9 0 10 55 51 0 0 0 35 8 49 0 42 40 2 68 0 0 50 1 0 23 65 43 0 0 54 69 53 0 77 0 31 47 0
43 0 73 11 0 70 0 38 77 62 0 0 78 31 0 0 0 15 0 56 0 0 20 72 65 2 0 50 68 0 40 32 45 55 0 0 0 0 28 49 4 8 30 69 0 26 0 0 0 0 60 0 47 23 0 0 17 0 3 34 67 0 61 21 0 16 13 0 44 0 0 37 0 35 42 18 46 0 54 29 9
16 27 30 0 58 54 69 0 36 17 48 0 0 0 19 12 38 42 7 0 62 4 52 61 32 3 35 0 5 53 0 0 2 65 0 0 0 80 0 0 41 47 0 0 0 70 67 0 0 76 0 6 0 40 63 24 33 26 51 0 0 14 23 57 81 0 10 0 0 0 59 0 79 0 8 44 60 55 0 20 0
65 44 0 74 28 14 0 0 47 0 0 18 67 70 29 9 35 0 36 0 0 64 16 5 23 0 77 72 39 80 0 4 25 0 0 0 0 19 0 42 73 12 0 63 0 48 43 0 54 71 27 0 30 79 0 76 59 41 40 7 0 20 0 0 56 0 53 38 0 55 34 0 58 0 0 81 0 69 13 3 51
0 0 18 0 5 64 0 0 42 52 79 72 0 69 47 57 39 0 30 0 71 76 0 0 0 78 34 0 51 33 75 0 35 0 21 0 23 0 53 0 38 62 9 24 74 0 44 20 59 19 0 28 0 0 56 81 43 32 0 12 0 77 16 0 0 67 63 73 0 0 0 54 65 31 0 0 0 0 10 0 48
0 21 72 0 0 0 3 55 23 10 0 0 0 41 7 2 76 6 0 42 0 60 13 79 40 0 1 0 0 0 74 29 31 0 22 0 32 5 0 0 0 68 0 0 14 0 38 0 4 12 0 8 39 51 0 73 75 9 37 0 54 27 0 25 0 0 43 0 69 26 19 0 36 56 0 30 0 0 50 24 47
0 0 79 0 0 34 0 57 0 26 73 65 0 75 0 40 22 61 66 28 0 0 48 41 0 0 55 0 0 0 19 0 0 8 56 59 0 0 0 71 18 0 67 0 0 0 0 1 68 42 0 25 13 21 0 49 0 80 4 44 64 58 50 2 76 47 0 0 17 0 3 12 43 0 14 0 38 0 0 23 78
0 51 0 60 24 0 52 59 19 49 0 8 0 58 0 0 4 0 0 9 11 18 0 70 17 0 67 0 23 43 0 79 44 1 47 0 0 0 0 3 26 72 29 0 48 0 0 0 62 5 0 32 0 78 74 53 0 0 21 0 0 31 0 0 30 0 61 22 80 46 0 0 37 15 0 0 0 39 63 7 41
37 0 8 40 56 0 4 41 49 68 71 0 34 0 45 14 0 0 24 26 63 10 0 0 57 0 51 20 16 54 0 52 3 0 9 0 0 0 25 61 76 6 39 13 81 0 65 0 53 36 75 31 33 0 60 35 30 38 55 15 47 29 28 0 0 72 50 0 79 0 0 27 0 0 21 0 22 80 19 0 1
0 0 13 9 0 0 71 78 0 1 16 74 46 24 28 21 63 64 0 27 33 50 58 53 0 12 31 36 15 57 7 0 0 76 0 26 65 0 60 34 51 0 0 40 0 0 55 66 73 2 41 0 18 72 0 0 0 0 79 69 0 10 0 0 11 49 75 0 42 35 48 0 70 0 0 0 59 62 0 0 25
14 0 0 0 52 20 48 0 66 0 0 61 53 0 32 11 43 0 8 57 41 0 46 0 64 0 76 0 60 0 0 0 39 0 0 0 0 0 37 19 0 70 0 0 62 54 0 0 0 33 0 74 0 5 0 3 68 47 34 38 21 0 65 27 28 50 0 30 23 0 0 1 42 0 0 0 0 10 15 0 45
0 59 0 77 13 71 0 73 76 0 0 0 39 0 34 29 0 10 0 12 0 0 37 3 0 0 20 56 52 27 0 58 0 0 15 17 78 0 0 0 0 16 0 54 0 36 11 49 0 0 0 63 79 0 0 9 0 0 41 62 5 0 6 35 38 0 51 0 0 19 14 0 57 22 44 0 0 0 60 68 0
47 0 0 46 61 19 0 0 8 67 5 0 65 0 0 0 0 24 15 0 0 0 0 0 42 71 72 0 0 0 0 0 63 0 0 32 26 0 0 0 0 0 0 68 0 6 17 0 0 0 0 0 81 80 0 2 0 52 0 0 55 0 0 0 0 0 0 53 0 21 0 18 3 0 0 27 0 78 0 33 7
0 58 0 31 4 0 0 0 22 57 69 0 0 63 0 0 45 76 0 7 36 78 26 0 24 0 68 46 0 0 0 67 0 0 0 0 49 0 12 0 77 0 27 28 35 0 73 0 38 75 0 0 0 0 0 0 70 0 0 23 0 0 0 0 8 3 44 0 56 61 0 41 34 64 17 2 0 0 0 0 65
0 39 50 27 70 18 0 15 1 3 0 0 20 0 56 0 58 0 21 0 0 17 9 49 30 0 0 0 0 0 72 31 0 0 79 0 22 42 76 0 0 34 0 0 41 0 45 0 19 0 14 0 40 0 0 0 73 0 0 0 0 0 0 67 4 54 0 0 24 0 57 0 35 75 46 28 0 0 53 0 16
54 0 68 17 0 37 0 45 74 0 0 0 0 0 0 0 26 73 35 1 0 28 81 0 0 38 53 65 18 0 0 30 0 49 0 47 69 63 14 0 0 0 32 23 0 29 0 7 0 0 0 51 20 0 0 78 67 0 61 71 57 0 0 34 15 48 6 0 59 0 42 0 5 70 52 0 0 41 62 58 56
34 26 44 0 0 3 57 0 0 79 51 28 21 46 0 1 0 0 0 62 32 2 25 22 0 0 0 54 0 41 0 23 0 0 66 73 0 67 38 43 0 20 0 0 24 77 0 76 0 13 0 0 0 52 17 56 48 0 45 53 0 80 7 16 33 0 74 75 58 63 5 60 30 0 4 0 9 49 11 14 31
0 0 0 0 0 67 0 11 79 77 23 48 0 0 31 71 27 35 0 50 66 0 19 0 0 47 0 0 13 38 0 45 0 0 3 0 58 0 0 0 0 30 0 0 0 0 59 0 0 65 0 0 61 25 0 0 0 0 0 46 63 69 0 62 0 76 70 0 68 0 0 9 0 54 0 51 0 0 0 0 24
0 36 0 0 0 0 16 40 12 22 41 0 30 0 78 0 7 0 0 18 4 0 54 0 33 27 39 0 0 0 0 68 50 0 0 0 0 0 48 60 71 51 0 0 0 57 0 23 0 0 0 0 0 37 0 0 0 59 14 72 32 24 0 0 0 80 69 10 11 25 73 20 29 81 0 38 0 0 0 0 19
73 38 0 58 29 42 0 70 65 0 26 76 0 0 0 51 34 8 25 33 46 0 14 21 28 0 0 27 44 0 31 63 62 0 0 0 77 7 0 36 0 52 48 53 60 0 74 9 0 0 0 41 3 50 0 12 69 75 0 78 45 0 55 0 0 22 24 61 72 67 66 35 0 37 32 1 56 5 2 16 0
21 6 2 0 3 0 46 0 0 20 50 4 80 60 57 0 61 0 0 0 17 43 0 0 27 67 47 0 30 0 77 56 0 34 24 0 66 68 32 39 78 0 63 74 13 8 0 0 0 58 7 37 0 69 33 0 19 51 76 64 72 38 31 0 59 9 52 0 36 0 0 5 53 11 48 10 0 71 0 54 0
0 0 61 66 0 22 44 0 0 0 29 14 9 0 0 0 23 0 11 0 68 0 41 71 34 0 0 0 0 47 15 80 10 0 76 69 0 6 0 8 0 17 56 49 28 18 0 38 78 77 72 39 19 0 0 0 0 70 32 74 1 0 0 0 79 51 65 0 12 20 26 73 27 0 13 0 0 21 52 57 42
60 30 14 0 75 57 36 0 0 7 0 31 0 21 16 0 0 71 29 0 0 59 0 0 4 49 73 0 0 0 0 1 0 46 0 0 15 0 23 2 0 0 55 0 0 32 61 0 33 0 63 26 43 0 0 0 79 0 81 42 6 0 0 54 0 0 76 50 18 0 47 0 0 0 20 69 34 0 38 78 0
33 7 0 78 0 13 10 77 0 0 55 63 0 18 1 47 0 30 0 64 72 0 15 26 70 0 50 23 71 17 0 57 0 53 0 43 0 0 69 0 67 0 11 3 27 52 54 56 48 29 0 14 0 73 36 59 9 40 5 0 0 0 37 8 41 34 58 68 0 44 28 19 25 0 66 35 0 0 0 0 76
27 18 69 0 72 52 0 0 28 73 2 0 33 0 0 6 70 56 0 0 0 23 36 0 0 40 62 0 0 39 0 55 0 16 0 50 0 0 0 0 54 0 12 0 9 10 0 68 0 0 57 0 0 66 8 63 77 0 48 3 11 0 0 45 32 13 38 49 29 0 0 78 24 67 0 43 58 17 41 81 44
1 0 35 63 40 0 37 9 0 38 0 78 28 32 0 0 0 25 39 0 75 0 60 48 0 0 54 0 0 0 3 36 0 6 73 0 59 62 33 0 0 46 0 0 0 76 4 0 65 0 2 24 0 0 61 16 0 66 0 21 13 52 0 80 10 11 0 0 0 0 56 64 0 55 23 0 0 77 0 72 74
0 15 11 16 0 43 0 39 59 64 0 13 0 19 0 0 0 0 44 30 52 31 0 0 0 0 0 0 0 75 0 0 81 0 0 79 0 61 51 0 0 37 0 0 0 0 0 46 0 67 0 55 0 0 0 65 28 27 0 0 73 57 25 3 62 21 0 7 70 71 0 17 0 18 40 4 0 8 12 9 0
50 76 0 0 67 47 41 0 0 11 42 79 17 44 39 48 59 66 0 13 20 0 77 0 8 0 58 45 26 0 0 0 51 0 0 38 19 0 0 0 43 0 72 29 16 0 25 0 70 34 0 0 0 0 22 0 2 56 53 10 71 4 0 0 23 0 0 0 0 0 27 46 80 0 60 15 73 0 0 0 63
0 8 0 0 54 0 0 68 67 0 47 17 0 0 0 41 55 0 58 71 56 5 32 0 69 48 0 22 62 49 50 39 0 0 0 25 14 43 9 1 15 0 19 0 72 27 0 21 0 4 81 13 10 0 59 40 0 65 46 0 0 0 26 30 0 37 0 45 3 60 0 0 0 79 0 75 31 28 0 74 33
20 0 23 35 81 0 61 0 69 70 0 0 0 49 0 28 0 19 2 46 38 79 0 30 0 59 75 6 0 71 80 0 52 0 0 0 37 0 24 0 53 44 8 0 0 0 76 0 0 74 64 0 25 0 11 1 7 0 9 54 22 13 0 36 18 0 14 40 57 0 68 15 0 63 0 65 0 0 56 0 43
22 71 21 0 0 0 65 0 32 0 14 25 0 76 79 61 0 0 1 0 0 63 42 0 13 37 0 0 0 26 0 18 70 0 0 0 10 64 0 75 0 0 0 51 47 0 0 43 0 0 24 56 50 9 15 34 0 12 39 28 0 53 2 5 0 44 0 0 0 31 35 74 77 0 80 68 16 72 55 0 0
0 33 19 0 64 0 24 14 0 66 10 46 54 59 0 0 48 78 23 6 3 27 0 0 0 4 0 38 63 0 0 15 0 0 0 0 62 0 11 67 81 77 31 55 0 47 72 0 0 0 0 0 0 0 52 57 45 69 29 0 0 0 60 49 0 0 34 65 0 0 16 71 40 21 0 7 30 0 61 37 0
26 50 45 0 73 0 79 16 29 34 58 23 52 71 0 53 72 0 68 80 61 81 0 0 0 15 0 76 47 0 0 0 24 37 55 12 60 36 59 0 32 0 0 0 17 28 0 0 22 0 44 33 66 0 38 64 0 0 0 0 43 75 5 0 77 19 0 27 13 0 0 8 39 57 51 54 3 0 14 0 18
15 10 0 39 0 0 59 0 58 42 0 7 56 0 8 80 13 0 20 74 50 47 21 0 11 0 0 51 0 0 0 0 0 0 0 36 0 0 27 22 79 23 25 45 5 0 18 2 69 61 0 57 62 0 77 19 0 44 67 76 81 35 63 0 0 33 66 32 0 4 75 0 46 17 0 48 52 73 0 0 0
7 0 1 3 0 56 0 13 5 0 60 0 26 0 73 15 74 0 0 25 0 22 53 19 72 65 43 57 0 42 0 16 33 41 64 44 38 66 0 0 0 0 0 0 52 40 46 0 75 0 0 0 77 58 0 32 14 6 70 31 4 0 17 59 0 28 23 0 0 0 0 0 0 36 11 76 0 0 67 0 0
49 0 9 0 0 48 0 0 51 0 77 22 37 27 6 0 0 20 76 41 14 0 35 62 12 0 33 17 54 23 13 8 0 28 59 81 0 0 61 18 74 2 0 0 80 0 0 55 0 63 52 0 53 0 30 0 0 25 0 68 0 78 10 0 72 69 42 46 43 58 79 56 50 0 70 0 47 32 71 26 0
38 55 4 0 42 0 30 34 43 51 67 0 50 0 35 75 31 40 28 24 8 52 0 0 0 66 10 0 9 29 0 48 11 79 7 61 6 0 21 70 0 58 0 0 26 39 0 0 32 0 78 0 0 68 0 0 0 36 0 0 37 0 47 17 12 0 62 0 0 0 63 0 64 49 5 0 25 15 27 0 2
0 0 26 69 14 46 0 0 63 0 65 50 2 0 64 0 36 33 0 0 0 0 8 74 77 0 37 15 73 9 1 0 68 57 49 0 0 0 39 79 25 38 34 41 0 43 0 47 0 0 0 0 71 0 0 55 76 35 10 0 0 0 59 75 0 0 0 0 7 66 61 11 67 0 12 19 0 0 70 17 0
9 0 0 67 1 16 72 65 10 5 76 0 0 29 0 56 37 63 53 60 7 0 61 46 14 70 0 0 0 31 0 69 0 54 0 0 0 0 2 74 0 13 73 0 0 0 51 25 80 81 79 0 12 0 44 0 0 3 6 22 0 0 0 71 78 0 0 0 0 0 24 0 47 38 0 0 0 64 66 8 40
0 19 27 76 77 0 78 25 11 28 61 73 0 0 75 0 41 0 0 0 47 1 10 0 0 33 0 0 0 0 42 40 32 0 0 0 57 30 49 37 0 0 0 67 63 35 0 60 6 56 0 0 8 20 0 0 71 0 0 0 34 46 0 44 14 0 39 9 0 72 0 62 52 16 58 0 0 4 18 0 23
0 0 0 0 0 55 39 0 2 0 0 0 0 0 0 20 67 38 0 21 0 75 0 0 31 13 28 0 37 0 0 0 0 0 53 0 56 24 0 0 14 45 62 78 51 0 52 0 5 68 0 0 0 0 0 0 23 81 30 0 40 17 0 15 58 0 33 0 0 77 1 0 0 29 41 3 0 0 0 25 10
17 28 0 0 30 35 8 36 45 14 0 0 59 0 0 60 68 0 69 0 25 0 0 51 0 41 79 0 81 0 0 0 56 0 4 0 0 11 6 0 0 29 0 31 77 0 0 0 61 39 74 66 78 1 54 0 0 7 0 37 16 0 49 0 0 43 40 26 21 70 55 76 71 0 34 0 0 0 0 0 0
66 61 49 70 31 12 51 0 0 21 13 0 16 0 71 0 10 0 42 76 39 0 0 27 0 24 36 0 22 0 0 6 0 0 60 0 52 47 1 32 19 75 0 0 7 0 0 33 0 0 67 0 15 77 80 62 0 50 58 25 0 0 0 48 63 17 8 4 53 57 65 29 0 0 81 11 55 26 0 5 54
74 48 0 6 21 75 80 71 0 25 81 0 66 0 0 58 0 0 9 0 59 15 0 20 0 72 29 0 55 0 62 0 76 52 8 0 53 69 0 23 0 64 61 42 4 16 0 63 7 57 0 0 0 0 0 28 41 0 77 26 0 45 70 31 0 38 0 0 22 54 0 0 0 46 79 50 0 0 78 65 0
4 22 53 7 41 81 0 0 64 18 39 0 0 0 0 79 9 0 34 54 0 0 0 58 45 0 63 0 67 78 0 0 47 66 0 33 0 0 0 35 16 0 0 50 15 65 0 42 0 26 0 0 0 49 13 21 74 14 72 0 19 0 43 69 46 2 25 0 0 10 0 0 0 0 68 0 0 31 0 0 73
0 0 24 0 0 38 0 0 0 0 0 80 0 1 0 31 46 22 43 0 0 0 6 16 67 0 4 71 59 18 0 7 0 25 0 0 36 0 44 0 0 60 54 0 70 58 0 0 76 0 55 10 0 0 0 0 0 0 75 0 0 66 42 23 0 41 0 0 35 0 0 45 62 74 0 21 53 0 0 77 0
48 0 52 0 12 0 63 66 75 45 35 0 10 38 20 54 2 59 79 0 73 13 57 32 46 69 0 0 0 62 4 0 43 77 14 0 0 0 0 72 8 21 16 1 23 24 0 0 0 0 0 40 56 0 51 47 6 30 64 0 27 0 81 0 67 53 0 0 0 33 11 0 76 0 78 60 0 0 0 42 0
53 20 51 18 9 0 27 0 60 69 0 52 76 22 25 32 71 0 54 63 0 40 68 81 61 39 0 0 0 0 0 73 23 3 0 0 0 77 17 13 59 0 0 75 0 0 0 50 0 43 70 0 0 38 0 44 0 10 1 57 74 0 12 0 0 24 35 8 0 62 0 26 0 47 2 67 79 48 0 45 0
67 11 17 54 44 15 0 72 0 75 0 29 0 8 0 0 0 26 62 14 35 66 65 6 0 0 22 16 0 0 0 0 27 10 63 0 55 0 47 0 0 69 37 0 49 21 28 19 23 31 5 3 68 0 58 0 0 24 43 0 56 2 79 78 36 0 45 42 0 13 40 38 0 50 0 0 74 25 0 0 53
0 0 0 19 47 79 49 7 16 0 66 11 23 0 0 0 64 80 26 55 1 0 70 31 0 0 0 40 25 0 0 74 65 0 28 0 0 18 34 0 6 0 44 0 71 22 69 27 0 0 33 0 54 76 50 0 46 72 62 45 0 9 0 0 68 0 12 37 5 0 10 57 0 3 35 0 0 75 0 0 21
24 13 64 41 0 59 0 56 0 12 0 30 3 0 5 43 0 57 0 0 9 38 0 44 0 60 0 81 0 45 78 53 0 68 39 55 0 14 62 0 0 0 28 36 65 49 47 0 1 10 18 58 48 0 7 0 0 0 0 0 0 63 0 0 20 29 0 66 0 0 80 0 4 73 77 33 0 0 37 61 8
10 3 0 0 43 40 29 2 0 4 19 0 49 51 17 0 47 0 0 0 58 42 67 7 15 80 0 0 0 66 8 0 30 35 0 0 61 0 45 0 5 56 57 33 0 0 34 39 13 0 9 0 41 0 0 70 0 0 68 0 0 22 0 64 0 0 0 79 54 28 21 0 0 0 38 31 0 16 26 0 0
0 77 62 65 78 0 68 26 73 0 0 0 18 0 0 63 0 21 0 17 0 0 5 0 49 10 0 32 0 0 0 41 0 0 29 75 9 46 66 48 27 50 74 0 67 45 0 53 42 0 8 71 4 2 76 0 54 37 35 33 60 55 15 0 0 0 0 0 31 0 25 61 7 0 0 64 0 24 0 22 52
57 0 46 0 0 28 76 5 0 0 0 37 0 48 27 13 65 0 0 0 78 0 0 50 0 0 0 61 0 69 52 0 15 0 42 51 0 31 0 0 0 25 3 0 19 44 35 12 81 11 29 0 0 0 0 17 20 16 0 67 0 0 0 58 73 77 60 56 0 0 6 0 9 0 49 0 54 1 68 30 0
35 70 55 21 0 45 0 0 34 0 0 41 0 0 0 0 14 0 72 29 0 0 0 0 75 16 27 0 0 0 0 0 0 0 0 0 63 0 0 54 0 43 0 20 64 67 80 0 0 46 73 0 37 74 25 0 0 0 8 18 59 5 0 22 44 0 2 48 32 0 23 50 81 65 10 57 19 40 0 6 0



